1
2
5
6
7
10
14
25
29
38
50
57
60
67
72
74
76
100
139
216
227
250
296
329
376
500
518
519
584
585
600
625
699
740
760
795
805
855
877
903
946
949
983
994
1000
1188
1364
2086
2500
2501
2512
2549
3222
3289
3760
4318
5000
5190
5209
5919
6000
6250
6687
6972
7600
7950
7995
8005
8050
8065
8229
8829
9068
9376
9874
10000
11224
13640
13895
19307
25000
26827
28664
37276
37600
40612
50000
60000
60557
61378
62364
62500
65785
69568
76000
76553
77426
79500
79950
79995
80005
80050
80500
80595
86926
90625
93760
99892
100000
104113
109117
109376
250000
304512
311932
376000
388849
471907
481772
489092
500000
554393
580198
600000
612823
613780
620153
625000
694019
709979
723962
760000
765138
777048
799500
799950
799995
800005
800050
800500
817808
827354
846059
851856
865858
876244
884108
884268
890625
906250
937600
945706
956343
968194
1000000
1006593
1026975
1043925
1093760
1281008
1703609
1744775
1884069
2251787
2500000
2569154
2890625
3505544
3541161
3746025
3760000
3777077
4001201
4070492
4125229
4335606
4878196
5000000
5041989
5265016
5585548
5669845
5792578
5891055
6000000
6250000
6536274
6636499
6669167
6826996
7109376
7230121
7239620
7249585
7301737
7307617
7359357
7457683
7511111
7600000
7732764
7862196
7909663
7995000
7999500
7999950
7999995
8000005
8000050
8000500
8005000
8178080
8223912
8429161
8518560
8587522
8886376
8906250
9062500
9139597
9376000
9418909
9563430
9837612
